200000 0.001723317 100000
220000 2.97662E-4 210000
240000 3.1771500000000004E-4 330000
260000 3.30802E-4 460000
280000 3.9919500000000003E-4 600000
300000 2.99955E-4 750000
320000 2.8783000000000004E-4 910000
340000 8.037200000000001E-5 1080000
360000 1.04926E-4 1260000
380000 8.9454E-5 1450000
400000 9.429800000000001E-5 1650000
420000 9.893900000000001E-5 1860000
440000 6.583530000000001E-4 2080000
460000 1.08696E-4 2310000
480000 1.19439E-4 2550000
500000 1.1760600000000001E-4 2800000
520000 1.52256E-4 3060000
540000 1.2702000000000001E-4 3330000
560000 0.0019949440000000002 3610000
580000 1.3655400000000002E-4 3900000
600000 1.41003E-4 4200000
620000 1.4566400000000002E-4 4510000
640000 1.51008E-4 4830000
660000 1.5507000000000002E-4 5160000
680000 1.59796E-4 5500000
700000 2.94742E-4 5850000
720000 2.7380700000000004E-4 6210000
740000 1.9528200000000002E-4 6580000
760000 1.7853700000000002E-4 6960000
780000 2.0961000000000002E-4 7350000
800000 2.02403E-4 7750000
820000 2.0565200000000002E-4 8160000
840000 2.4031600000000002E-4 8580000
860000 2.0926700000000001E-4 9010000
880000 2.0691900000000002E-4 9450000
900000 3.16546E-4 9900000
920000 2.30575E-4 10360000
940000 2.20862E-4 10830000
960000 6.125260000000001E-4 11310000
980000 2.5549700000000004E-4 11800000
1000000 2.8132200000000003E-4 12300000
1020000 3.04334E-4 12810000
1040000 2.57154E-4 13330000
1060000 2.85119E-4 13860000
1080000 2.73E-4 14400000
1100000 0.002108238 14950000
1120000 3.33909E-4 15510000
1140000 2.82086E-4 16080000
1160000 3.42492E-4 16660000
1180000 3.8219500000000005E-4 17250000
1200000 3.00708E-4 17850000
1220000 3.13578E-4 18460000
1240000 6.28493E-4 19080000
1260000 0.001129081 19710000
1280000 3.63728E-4 20350000
1300000 4.2333700000000003E-4 21000000
1320000 4.1936500000000005E-4 21660000
1340000 0.002301708 22330000
1360000 3.66407E-4 23010000
1380000 3.23879E-4 23700000
1400000 3.2988600000000005E-4 24400000
1420000 3.3897100000000003E-4 25110000
1440000 3.58216E-4 25830000
1460000 3.42629E-4 26560000
1480000 6.886500000000001E-4 27300000
1500000 3.80379E-4 28050000
1520000 3.88438E-4 28810000
1540000 3.61301E-4 29580000
1560000 3.78051E-4 30360000
1580000 3.70682E-4 31150000
1600000 4.81432E-4 31950000
1620000 3.9234100000000004E-4 32760000
1640000 4.1338800000000005E-4 33580000
1660000 3.89609E-4 34410000
1680000 3.94143E-4 35250000
1700000 4.0601600000000004E-4 36100000
1720000 4.0364100000000005E-4 36960000
1740000 4.3096700000000004E-4 37830000
1760000 4.13162E-4 38710000
1780000 4.32236E-4 39600000
1800000 4.5517500000000005E-4 40500000
1820000 4.3133200000000004E-4 41410000
1840000 4.31927E-4 42330000
1860000 4.36639E-4 43260000
1880000 4.49093E-4 44200000
1900000 8.241240000000001E-4 45150000
1920000 4.8064200000000004E-4 46110000
1940000 4.76437E-4 47080000
1960000 4.5977E-4 48060000
1980000 0.004764018 49050000
2000000 0.004165579 50050000
2020000 0.0091499 51060000
2040000 4.90257E-4 52080000
2060000 5.436260000000001E-4 53110000
2080000 4.93291E-4 54150000
2100000 5.26344E-4 55200000
2120000 0.003641173 56260000
2140000 0.00180768 57330000
2160000 5.66229E-4 58410000
2180000 5.498720000000001E-4 59500000
2200000 5.34264E-4 60600000
2220000 5.29863E-4 61710000
2240000 5.35498E-4 62830000
2260000 5.5639E-4 63960000
2280000 0.0020237040000000003 65100000
2300000 5.47618E-4 66250000
2320000 5.441160000000001E-4 67410000
2340000 5.74911E-4 68580000
2360000 5.536240000000001E-4 69760000
2380000 6.060740000000001E-4 70950000
2400000 7.67497E-4 72150000
2420000 0.001269064 73360000
2440000 0.001011975 74580000
2460000 5.79404E-4 75810000
2480000 6.43503E-4 77050000
2500000 8.320650000000001E-4 78300000
2520000 6.022590000000001E-4 79560000
2540000 0.001061854 80830000
2560000 6.265600000000001E-4 82110000
2580000 0.002214642 83400000
2600000 6.099230000000001E-4 84700000
2620000 6.54527E-4 86010000
2640000 6.91069E-4 87330000
2660000 6.34085E-4 88660000
2680000 6.290040000000001E-4 90000000
2700000 6.80087E-4 91350000
2720000 6.662300000000001E-4 92710000
2740000 7.884610000000001E-4 94080000
2760000 6.67859E-4 95460000
2780000 6.56991E-4 96850000
2800000 6.936420000000001E-4 98250000
2820000 6.616150000000001E-4 99660000
2840000 6.67286E-4 101080000
2860000 8.18997E-4 102510000
2880000 7.023520000000001E-4 103950000
2900000 6.80322E-4 105400000
2920000 6.851190000000001E-4 106860000
2940000 0.001097349 108330000
2960000 7.98334E-4 109810000
2980000 6.98956E-4 111300000
3000000 9.386240000000001E-4 112800000
3020000 7.89231E-4 114310000
3040000 7.4193E-4 115830000
3060000 7.48239E-4 117360000
3080000 7.513870000000001E-4 118900000
3100000 7.599480000000001E-4 120450000
3120000 7.63798E-4 122010000
3140000 7.49306E-4 123580000
3160000 8.304310000000001E-4 125160000
3180000 0.0016636720000000002 126750000
3200000 0.001506643 128350000
3220000 0.0012549940000000002 129960000
3240000 0.001420709 131580000
3260000 0.0018169140000000002 133210000
3280000 0.001348964 134850000
3300000 8.20851E-4 136500000
3320000 0.001152842 138160000
3340000 0.002252431 139830000
3360000 8.33064E-4 141510000
3380000 9.172560000000001E-4 143200000
3400000 0.0010637790000000002 144900000
3420000 8.578030000000001E-4 146610000
3440000 0.0011609860000000001 148330000
3460000 8.42623E-4 150060000
3480000 0.004472735 151800000
3500000 8.577330000000001E-4 153550000
3520000 0.002512762 155310000
3540000 0.0017773630000000001 157080000
3560000 8.678560000000001E-4 158860000
3580000 9.1332E-4 160650000
3600000 0.001306223 162450000
3620000 0.0010539450000000001 164260000
3640000 0.001226089 166080000
3660000 0.001226314 167910000
3680000 9.518020000000001E-4 169750000
3700000 9.37675E-4 171600000
3720000 8.992480000000001E-4 173460000
3740000 9.631090000000001E-4 175330000
3760000 9.306960000000001E-4 177210000
3780000 9.094690000000001E-4 179100000
3800000 9.329820000000001E-4 181000000
3820000 9.33367E-4 182910000
3840000 0.001046527 184830000
3860000 9.438830000000001E-4 186760000
3880000 9.607960000000001E-4 188700000
3900000 9.84054E-4 190650000
3920000 9.81267E-4 192610000
3940000 9.440750000000001E-4 194580000
3960000 9.76815E-4 196560000
3980000 0.0011541510000000002 198550000
4000000 0.001231749 200550000
4020000 0.001023479 202560000
4040000 0.001002496 204580000
4060000 0.001052386 206610000
4080000 0.001129758 208650000
4100000 0.0010396960000000001 210700000
4120000 0.0010343280000000002 212760000
4140000 0.0010073810000000001 214830000
4160000 0.001126091 216910000
4180000 0.001076027 219000000
4200000 0.0012433840000000002 221100000
4220000 0.001042882 223210000
4240000 0.001042029 225330000
4260000 0.001035839 227460000
4280000 0.0010399740000000002 229600000
4300000 0.0010534090000000002 231750000
4320000 0.0011971 233910000
4340000 0.0011481150000000001 236080000
4360000 0.001078631 238260000
4380000 0.001091429 240450000
4400000 0.001061653 242650000
4420000 0.0012970260000000002 244860000
4440000 0.0011133310000000002 247080000
4460000 0.001122036 249310000
4480000 0.0013177120000000002 251550000
4500000 0.001208541 253800000
4520000 0.0011189470000000001 256060000
4540000 0.001189921 258330000
4560000 0.001103828 260610000
4580000 0.0015493100000000001 262900000
4600000 0.001108185 265200000
4620000 0.001089866 267510000
4640000 0.00225668 269830000
4660000 0.001244897 272160000
4680000 0.001173631 274500000
4700000 0.0011107690000000002 276850000
4720000 0.0011075540000000002 279210000
4740000 0.001117289 281580000
4760000 0.001142557 283960000
4780000 0.001141246 286350000
4800000 0.0011257790000000001 288750000
4820000 0.001337613 291160000
4840000 0.001135062 293580000
4860000 0.001144533 296010000
4880000 0.001156378 298450000
4900000 0.0011490460000000001 300900000
4920000 0.001191912 303360000
4940000 0.001176179 305830000
4960000 0.001166162 308310000
4980000 0.001190325 310800000
5000000 0.0011863960000000002 313300000
5020000 0.0012970820000000002 315810000
5040000 0.00133186 318330000
5060000 0.0012154940000000001 320860000
5080000 0.0012171220000000002 323400000
5100000 0.001216015 325950000
5120000 0.001226663 328510000
5140000 0.0012870420000000002 331080000
5160000 0.001248481 333660000
5180000 0.001264071 336250000
5200000 0.001237989 338850000
5220000 0.001249943 341460000
5240000 0.0013053580000000002 344080000
5260000 0.001276129 346710000
5280000 0.001495049 349350000
5300000 0.001291519 352000000
5320000 0.0013087650000000001 354660000
5340000 0.001370719 357330000
5360000 0.001261748 360010000
5380000 0.0013085150000000001 362700000
5400000 0.0012766280000000001 365400000
5420000 0.0012774560000000002 368110000
5440000 0.0012790800000000001 370830000
5460000 0.001349343 373560000
5480000 0.004921871 376300000
5500000 0.00132127 379050000
5520000 0.001452741 381810000
5540000 0.001327295 384580000
5560000 0.001362203 387360000
5580000 0.0013121860000000001 390150000
5600000 0.0013394560000000002 392950000
5620000 0.0013490630000000002 395760000
5640000 0.0013341050000000001 398580000
5660000 0.0013885610000000002 401410000
5680000 0.001498411 404250000
5700000 0.001463419 407100000
5720000 0.0014866220000000002 409960000
5740000 0.0014185860000000001 412830000
5760000 0.0015068100000000001 415710000
5780000 0.0014520000000000002 418600000
5800000 0.0014918890000000001 421500000
5820000 0.0014909060000000002 424410000
5840000 0.0015124320000000002 427330000
5860000 0.001472468 430260000
5880000 0.001527693 433200000
5900000 0.001605756 436150000
5920000 0.001496193 439110000
5940000 0.001468329 442080000
5960000 0.001463803 445060000
5980000 0.00143044 448050000
6000000 0.001467575 451050000
6020000 0.001446928 454060000
6040000 0.001459222 457080000
6060000 0.001481965 460110000
6080000 0.001538047 463150000
6100000 0.0016492770000000002 466200000
6120000 0.001633157 469260000
6140000 0.00173394 472330000
6160000 0.0018232 475410000
6180000 0.0016038850000000002 478500000
6200000 0.001488561 481600000
6220000 0.0015068800000000002 484710000
6240000 0.001492002 487830000
6260000 0.0014846430000000001 490960000
6280000 0.0015264620000000001 494100000
6300000 0.001585865 497250000
6320000 0.001560668 500410000
6340000 0.001617645 503580000
6360000 0.0015627870000000002 506760000
6380000 0.001680892 509950000
6400000 0.0015932790000000002 513150000
6420000 0.0017295540000000001 516360000
6440000 0.0016817660000000001 519580000
6460000 0.001662889 522810000
6480000 0.001703442 526050000
6500000 0.0015861220000000001 529300000
6520000 0.001562213 532560000
6540000 0.0015674480000000001 535830000
6560000 0.0015962480000000002 539110000
6580000 0.001743055 542400000
6600000 0.001600066 545700000
6620000 0.0015812970000000002 549010000
6640000 0.001611329 552330000
6660000 0.001764025 555660000
6680000 0.00179706 559000000
6700000 0.007236636 562350000
6720000 0.001679975 565710000
6740000 0.0016667320000000002 569080000
6760000 0.0016177160000000002 572460000
6780000 0.001622266 575850000
6800000 0.001671762 579250000
6820000 0.001639496 582660000
6840000 0.001786531 586080000
6860000 0.0018456640000000001 589510000
6880000 0.002074126 592950000
6900000 0.0016939090000000002 596400000
6920000 0.001713382 599860000
6940000 0.0016527550000000001 603330000
6960000 0.001771273 606810000
6980000 0.0018251760000000002 610300000
7000000 0.0017091060000000002 613800000
7020000 0.0017941970000000002 617310000
7040000 0.0018492240000000002 620830000
7060000 0.00182876 624360000
7080000 0.0018744130000000001 627900000
7100000 0.0017382390000000001 631450000
7120000 0.001813226 635010000
7140000 0.0018395680000000002 638580000
7160000 0.0018707230000000001 642160000
7180000 0.0018619980000000001 645750000
7200000 0.00174562 649350000
7220000 0.008100345 652960000
7240000 0.001788391 656580000
7260000 0.00172009 660210000
7280000 0.0021791690000000003 663850000
7300000 0.001892414 667500000
7320000 0.0022843620000000003 671160000
7340000 0.002167607 674830000
7360000 0.001822671 678510000
7380000 0.003158062 682200000
7400000 0.006240326 685900000
7420000 0.001795317 689610000
7440000 0.001744103 693330000
7460000 0.001777886 697060000
7480000 0.0018571050000000002 700800000
7500000 0.001928858 704550000
7520000 0.001817959 708310000
7540000 0.00185796 712080000
7560000 0.005941807 715860000
7580000 0.001840826 719650000
7600000 0.0018947670000000001 723450000
7620000 0.001870232 727260000
7640000 0.003505128 731080000
7660000 0.0030630400000000004 734910000
7680000 0.001879294 738750000
7700000 0.002077265 742600000
7720000 0.001929404 746460000
7740000 0.001859722 750330000
7760000 0.0023437180000000003 754210000
7780000 0.003136172 758100000
7800000 0.0018986200000000002 762000000
7820000 0.001857284 765910000
7840000 0.001888593 769830000
7860000 0.0021957500000000002 773760000
7880000 0.001931947 777700000
7900000 0.0019700860000000002 781650000
7920000 0.002026574 785610000
7940000 0.001963418 789580000
7960000 0.002073052 793560000
7980000 0.002049243 797550000
8000000 0.0020014110000000002 801550000
8020000 0.0022839320000000002 805560000
8040000 0.001954373 809580000
8060000 0.0020384490000000003 813610000
8080000 0.00197935 817650000
8100000 0.001968032 821700000
8120000 0.0019700290000000003 825760000
8140000 0.001962906 829830000
8160000 0.0019159250000000002 833910000
8180000 0.002025905 838000000
8200000 0.002053954 842100000
8220000 0.002058861 846210000
8240000 0.002092572 850330000
8260000 0.002035734 854460000
8280000 0.002178845 858600000
8300000 0.002029443 862750000
8320000 0.001962222 866910000
8340000 0.001964454 871080000
8360000 0.002005293 875260000
8380000 0.002018141 879450000
8400000 0.00196932 883650000
8420000 0.0020221130000000003 887860000
8440000 0.001996977 892080000
8460000 0.002013224 896310000
8480000 0.0020377760000000003 900550000
8500000 0.00210751 904800000
8520000 0.0020025900000000003 909060000
8540000 0.0020390950000000003 913330000
8560000 0.002018993 917610000
8580000 0.0020868970000000003 921900000
8600000 0.002052939 926200000
8620000 0.002151179 930510000
8640000 0.00211225 934830000
8660000 0.002058896 939160000
8680000 0.002173822 943500000
8700000 0.002070175 947850000
8720000 0.0020519080000000003 952210000
8740000 0.0020625210000000003 956580000
8760000 0.0020723860000000003 960960000
8780000 0.002071097 965350000
8800000 0.002125791 969750000
8820000 0.00213334 974160000
8840000 0.002084827 978580000
8860000 0.002079414 983010000
8880000 0.002099784 987450000
8900000 0.0020890870000000003 991900000
8920000 0.0020999770000000003 996360000
8940000 0.002126227 1000830000
8960000 0.002133592 1005310000
8980000 0.002105871 1009800000
9000000 0.002119499 1014300000
9020000 0.002118598 1018810000
9040000 0.0021283490000000003 1023330000
9060000 0.0021362570000000003 1027860000
9080000 0.002168835 1032400000
9100000 0.002274173 1036950000
9120000 0.0023503950000000003 1041510000
9140000 0.002167516 1046080000
9160000 0.0021472080000000003 1050660000
9180000 0.002161385 1055250000
9200000 0.002159401 1059850000
9220000 0.002245651 1064460000
9240000 0.002176963 1069080000
9260000 0.0021977890000000003 1073710000
9280000 0.002193259 1078350000
9300000 0.00218277 1083000000
9320000 0.002192971 1087660000
9340000 0.002196032 1092330000
9360000 0.002226498 1097010000
9380000 0.002211429 1101700000
9400000 0.002225921 1106400000
9420000 0.00224551 1111110000
9440000 0.00222844 1115830000
9460000 0.0022248430000000002 1120560000
9480000 0.002259482 1125300000
9500000 0.0023123780000000003 1130050000
9520000 0.002251732 1134810000
9540000 0.0022683160000000003 1139580000
9560000 0.0022452740000000002 1144360000
9580000 0.002260268 1149150000
9600000 0.002334394 1153950000
9620000 0.002271743 1158760000
9640000 0.002403609 1163580000
9660000 0.002267757 1168410000
9680000 0.002295395 1173250000
9700000 0.002517229 1178100000
9720000 0.002343945 1182960000
9740000 0.0023111380000000003 1187830000
9760000 0.002349131 1192710000
9780000 0.0024276270000000003 1197600000
9800000 0.002614046 1202500000
9820000 0.003390015 1207410000
9840000 0.0025283320000000003 1212330000
9860000 0.0024082640000000002 1217260000
9880000 0.002341067 1222200000
9900000 0.002368303 1227150000
9920000 0.0023425900000000003 1232110000
9940000 0.002405216 1237080000
9960000 0.0023828540000000002 1242060000
9980000 0.002346294 1247050000
