200000 1.3766000000000002E-5 478
220000 1.9629E-5 969
240000 1.6509E-5 1480
260000 1.3196E-5 2013
280000 1.3000000000000001E-5 2574
300000 1.2745E-5 3138
320000 1.2274000000000001E-5 3717
340000 1.3543E-5 4331
360000 1.3354000000000001E-5 4954
380000 1.4583E-5 5610
400000 1.4792000000000002E-5 6279
420000 1.4527000000000002E-5 6958
440000 1.5269000000000002E-5 7660
460000 1.5464E-5 8369
480000 1.5261000000000002E-5 9087
500000 1.6249E-5 9829
520000 3.8995E-5 10581
540000 2.489E-5 11339
560000 1.6504E-5 12127
580000 1.6866E-5 12901
600000 1.7011E-5 13690
620000 3.0519000000000004E-5 14516
640000 2.1158E-5 15349
660000 1.8635E-5 16206
680000 1.8115000000000002E-5 17047
700000 1.8339000000000002E-5 17903
720000 2.5562E-5 18759
740000 3.3562E-5 19653
760000 2.2039E-5 20551
780000 1.9478000000000002E-5 21469
800000 2.0204000000000002E-5 22406
820000 3.4475000000000005E-5 23319
840000 2.0083E-5 24240
860000 2.0818000000000003E-5 25213
880000 2.0830000000000002E-5 26190
900000 3.7813000000000005E-5 27158
920000 2.6669E-5 28155
940000 2.0771E-5 29132
960000 2.1474E-5 30139
980000 2.2069E-5 31161
1000000 2.1934E-5 32194
1020000 2.2459000000000003E-5 33238
1040000 3.2893000000000005E-5 34285
1060000 2.2343000000000003E-5 35325
1080000 2.5901E-5 36408
1100000 5.6243000000000003E-5 37481
1120000 2.3815E-5 38585
1140000 2.309E-5 39678
1160000 4.5216E-5 40793
1180000 2.4244E-5 41927
1200000 2.4288000000000002E-5 43066
1220000 2.4088E-5 44181
1240000 2.3851000000000003E-5 45307
1260000 2.5085E-5 46484
1280000 2.4916E-5 47667
1300000 2.5068E-5 48852
1320000 2.476E-5 50034
1340000 2.4893E-5 51207
1360000 2.5595E-5 52420
1380000 2.5189000000000002E-5 53617
1400000 2.5801000000000003E-5 54846
1420000 2.5667E-5 56059
1440000 2.6325000000000003E-5 57295
1460000 2.6777E-5 58554
1480000 2.5852000000000003E-5 59784
1500000 3.8112000000000004E-5 61032
1520000 2.8151000000000002E-5 62298
1540000 4.6254E-5 63579
1560000 2.8405000000000003E-5 64869
1580000 2.1294E-5 66163
1600000 2.3429000000000002E-5 67466
1620000 1.8364000000000002E-5 68770
1640000 5.509E-6 70071
1660000 4.405E-6 71414
1680000 4.333E-6 72755
1700000 4.332E-6 74091
1720000 4.406000000000001E-6 75457
1740000 4.393E-6 76814
1760000 5.0E-6 78163
1780000 4.462000000000001E-6 79544
1800000 4.386E-6 80904
1820000 4.514E-6 82300
1840000 4.564000000000001E-6 83713
1860000 4.498E-6 85105
1880000 5.249E-6 86519
1900000 4.712E-6 87952
1920000 4.552000000000001E-6 89359
1940000 4.599E-6 90785
1960000 4.638E-6 92230
1980000 4.6740000000000005E-6 93684
2000000 5.399E-6 95149
2020000 4.711E-6 96619
2040000 4.758E-6 98103
2060000 4.779E-6 99591
2080000 4.7980000000000005E-6 101080
2100000 1.5927000000000002E-5 102576
2120000 8.124E-6 104077
2140000 8.614000000000001E-6 105579
2160000 5.4130000000000005E-6 107075
2180000 4.947E-6 108611
2200000 4.9100000000000004E-6 110145
2220000 5.7560000000000005E-6 111678
2240000 4.836E-6 113201
2260000 4.929000000000001E-6 114759
2280000 8.738E-6 116307
2300000 8.656E-6 117841
2320000 6.066E-6 119411
2340000 4.974E-6 120969
2360000 5.0800000000000005E-6 122560
2380000 5.059E-6 124134
2400000 5.0750000000000005E-6 125737
2420000 5.437000000000001E-6 127312
2440000 5.1310000000000005E-6 128923
2460000 9.124000000000001E-6 130554
2480000 8.311E-6 132162
2500000 5.203E-6 133792
2520000 5.913E-6 135440
2540000 5.2090000000000004E-6 137061
2560000 5.229E-6 138705
2580000 8.116E-6 140362
2600000 8.614000000000001E-6 142039
2620000 9.852E-6 143685
2640000 9.095E-6 145343
2660000 5.471000000000001E-6 147020
2680000 5.3620000000000005E-6 148707
2700000 5.38E-6 150401
2720000 3.0225000000000003E-5 152098
2740000 5.736000000000001E-6 153813
2760000 5.4690000000000005E-6 155533
2780000 1.0734000000000001E-5 157256
2800000 8.076E-6 158989
2820000 1.0037E-5 160726
2840000 5.496E-6 162462
2860000 5.506E-6 164206
2880000 5.531E-6 165955
2900000 5.2918000000000004E-5 167698
2920000 5.621E-6 169444
2940000 5.497E-6 171184
2960000 5.696E-6 172964
2980000 5.612000000000001E-6 174740
3000000 3.8191E-5 176519
3020000 5.6830000000000005E-6 178296
3040000 5.5420000000000005E-6 180053
3060000 5.769E-6 181863
3080000 5.699E-6 183661
3100000 3.3295E-5 185451
3120000 5.815E-6 187276
3140000 5.744E-6 189098
3160000 5.721E-6 190902
3180000 1.7602000000000002E-5 192741
3200000 5.75E-6 194567
3220000 5.971E-6 196426
3240000 5.954E-6 198276
3260000 5.7510000000000005E-6 200097
3280000 3.3166E-5 201956
3300000 5.843000000000001E-6 203794
3320000 5.945000000000001E-6 205670
3340000 9.101E-6 207514
3360000 2.0744E-5 209398
3380000 6.1110000000000004E-6 211301
3400000 6.0E-6 213188
3420000 5.9430000000000005E-6 215100
3440000 5.932E-6 216986
3460000 3.2343000000000005E-5 218894
3480000 6.167E-6 220829
3500000 6.013000000000001E-6 222739
3520000 6.0890000000000005E-6 224672
3540000 2.4428E-5 226621
3560000 6.042000000000001E-6 228548
3580000 6.088E-6 230495
3600000 1.992E-6 232458
3620000 1.805E-6 234387
3640000 1.8260000000000002E-6 236339
3660000 1.836E-6 238307
3680000 1.833E-6 240281
3700000 1.7780000000000002E-6 242220
3720000 1.8200000000000002E-6 244181
3740000 1.827E-6 246157
3760000 1.8150000000000002E-6 248148
3780000 1.8540000000000002E-6 250152
3800000 1.8740000000000002E-6 252163
3820000 1.8430000000000002E-6 254184
3840000 1.8060000000000002E-6 256165
3860000 1.8460000000000002E-6 258163
3880000 1.8430000000000002E-6 260168
3900000 1.8620000000000001E-6 262182
3920000 1.8290000000000002E-6 264204
3940000 1.8460000000000002E-6 266237
3960000 1.8230000000000002E-6 268269
3980000 1.8170000000000001E-6 270316
4000000 1.8260000000000002E-6 272363
4020000 1.923E-6 274411
4040000 1.8540000000000002E-6 276467
4060000 1.9210000000000003E-6 278532
4080000 1.8880000000000002E-6 280599
4100000 1.8800000000000002E-6 282669
4120000 1.883E-6 284734
4140000 1.8820000000000001E-6 286796
4160000 1.867E-6 288859
4180000 1.856E-6 290907
4200000 1.9210000000000003E-6 293024
4220000 1.887E-6 295140
4240000 1.8940000000000002E-6 297253
4260000 1.93E-6 299369
4280000 1.911E-6 301480
4300000 1.8710000000000002E-6 303577
4320000 1.991E-6 305725
4340000 2.7210000000000003E-6 307864
4360000 1.9310000000000002E-6 310007
4380000 3.6460000000000003E-6 312144
4400000 1.923E-6 314268
4420000 1.9320000000000003E-6 316437
4440000 1.918E-6 318596
4460000 1.94E-6 320749
4480000 1.911E-6 322888
4500000 1.981E-6 325074
4520000 1.962E-6 327254
4540000 1.945E-6 329420
4560000 2.339E-6 331618
4580000 1.945E-6 333815
4600000 1.9430000000000003E-6 335992
4620000 1.968E-6 338208
4640000 1.992E-6 340421
4660000 1.953E-6 342611
4680000 1.969E-6 344839
4700000 1.973E-6 347058
4720000 1.947E-6 349247
4740000 2.023E-6 351485
4760000 1.939E-6 353699
4780000 2.043E-6 355952
4800000 2.7260000000000002E-6 358190
4820000 2.9E-6 360451
4840000 2.633E-6 362704
4860000 2.8440000000000002E-6 364921
4880000 3.0260000000000003E-6 367188
4900000 3.041E-6 369421
4920000 3.163E-6 371695
4940000 3.209E-6 373944
4960000 2.7550000000000003E-6 376229
4980000 1.997E-6 378484
5000000 2.156E-6 380777
5020000 2.0830000000000002E-6 383031
5040000 2.077E-6 385329
5060000 2.074E-6 387650
5080000 3.655E-6 389949
5100000 3.4100000000000004E-6 392273
5120000 3.373E-6 394575
5140000 3.343E-6 396898
5160000 2.814E-6 399190
5180000 2.076E-6 401515
5200000 2.0730000000000003E-6 403867
5220000 2.065E-6 406185
5240000 2.0780000000000003E-6 408528
5260000 2.119E-6 410891
5280000 2.0610000000000003E-6 413229
5300000 3.733E-6 415589
5320000 3.0200000000000003E-6 417903
5340000 4.023E-6 420257
5360000 2.6650000000000003E-6 422629
5380000 2.12E-6 425015
5400000 2.1010000000000003E-6 427379
5420000 2.081E-6 429767
5440000 2.139E-6 432171
5460000 2.178E-6 434537
5480000 2.103E-6 436932
5500000 2.103E-6 439337
5520000 2.1170000000000002E-6 441766
5540000 2.1000000000000002E-6 444158
5560000 2.111E-6 446567
5580000 2.114E-6 448988
5600000 2.132E-6 451431
5620000 2.1170000000000002E-6 453832
5640000 2.105E-6 456252
5660000 2.132E-6 458693
5680000 2.2030000000000003E-6 461142
5700000 2.1520000000000003E-6 463604
5720000 2.12E-6 466027
5740000 2.105E-6 468465
5760000 2.133E-6 470920
5780000 2.149E-6 473388
5800000 2.16E-6 475865
5820000 2.143E-6 478354
5840000 2.127E-6 480797
5860000 2.1520000000000003E-6 483258
5880000 2.222E-6 485733
5900000 2.143E-6 488216
5920000 2.154E-6 490712
5940000 2.1460000000000003E-6 493214
5960000 2.198E-6 495723
5980000 2.1570000000000003E-6 498233
6000000 2.2140000000000003E-6 500754
6020000 2.166E-6 503230
6040000 2.127E-6 505719
6060000 2.1690000000000003E-6 508217
6080000 2.193E-6 510726
6100000 2.164E-6 513237
6120000 2.205E-6 515761
6140000 2.194E-6 518286
6160000 2.204E-6 520821
6180000 2.2070000000000002E-6 523360
6200000 2.201E-6 525905
6220000 2.215E-6 528450
6240000 2.1850000000000003E-6 531003
6260000 2.205E-6 533561
6280000 2.192E-6 536119
6300000 2.223E-6 538684
6320000 2.243E-6 541253
6340000 2.249E-6 543822
6360000 2.2200000000000003E-6 546395
6380000 2.218E-6 548969
6400000 2.2420000000000003E-6 551545
6420000 2.274E-6 554122
6440000 2.25E-6 556699
6460000 2.1910000000000003E-6 559272
6480000 2.204E-6 561840
6500000 2.229E-6 564398
6520000 2.316E-6 567027
6540000 3.5600000000000002E-6 569652
6560000 3.5390000000000003E-6 572281
6580000 3.525E-6 574909
6600000 3.1620000000000004E-6 577538
6620000 2.271E-6 580167
6640000 2.2200000000000003E-6 582786
6660000 2.188E-6 585402
6680000 2.246E-6 588008
6700000 2.2980000000000003E-6 590668
6720000 2.266E-6 593333
6740000 2.278E-6 595994
6760000 3.5600000000000002E-6 598652
6780000 3.856E-6 601306
6800000 4.14E-6 603947
6820000 3.4E-6 606568
6840000 3.322E-6 609259
6860000 3.001E-6 611942
6880000 3.8100000000000004E-6 614620
6900000 2.296E-6 617289
6920000 2.261E-6 619943
6940000 2.363E-6 622656
6960000 2.288E-6 625359
6980000 2.279E-6 628054
7000000 2.277E-6 630735
7020000 2.246E-6 633399
7040000 2.341E-6 636126
7060000 2.368E-6 638844
7080000 3.6580000000000004E-6 641549
7100000 3.237E-6 644237
7120000 4.423000000000001E-6 646975
7140000 3.817E-6 649704
7160000 2.364E-6 652428
7180000 2.3370000000000002E-6 655126
7200000 2.401E-6 657879
7220000 2.401E-6 660626
7240000 2.3540000000000002E-6 663354
7260000 2.4160000000000002E-6 666126
7280000 2.4230000000000003E-6 668889
7300000 2.341E-6 671635
7320000 2.335E-6 674356
7340000 3.1430000000000002E-6 677139
7360000 2.4000000000000003E-6 679907
7380000 2.368E-6 682652
7400000 2.3940000000000003E-6 685441
7420000 2.351E-6 688214
7440000 2.3710000000000003E-6 690973
7460000 3.39E-6 693779
7480000 2.421E-6 696571
7500000 2.386E-6 699337
7520000 2.425E-6 702146
7540000 2.43E-6 704947
7560000 2.3550000000000003E-6 707714
7580000 3.4370000000000003E-6 710537
7600000 2.3880000000000003E-6 713343
7620000 2.431E-6 716181
7640000 2.497E-6 719010
7660000 2.3650000000000002E-6 721811
7680000 2.7830000000000003E-6 724652
7700000 2.429E-6 727482
7720000 2.4230000000000003E-6 730342
7740000 2.385E-6 733189
7760000 2.39E-6 736005
7780000 2.4560000000000003E-6 738867
7800000 2.424E-6 741711
7820000 2.448E-6 744587
7840000 2.43E-6 747445
7860000 2.6980000000000003E-6 750270
7880000 2.418E-6 753139
7900000 3.8910000000000005E-6 755988
7920000 3.552E-6 758873
7940000 2.409E-6 761737
7960000 3.717E-6 764634
7980000 2.673E-6 767512
8000000 2.4610000000000002E-6 770421
8020000 4.128E-6 773310
8040000 2.487E-6 776227
8060000 2.4450000000000003E-6 779125
8080000 2.4110000000000003E-6 781983
8100000 2.474E-6 784892
8120000 2.395E-6 787762
8140000 2.4900000000000003E-6 790679
8160000 2.413E-6 793559
8180000 2.47E-6 796484
8200000 2.3990000000000002E-6 799371
8220000 2.452E-6 802304
8240000 2.436E-6 805192
8260000 2.4680000000000003E-6 808124
8280000 2.539E-6 811083
8300000 2.515E-6 814024
8320000 2.514E-6 816986
8340000 2.531E-6 819929
8360000 2.528E-6 822895
8380000 3.1890000000000003E-6 825841
8400000 2.5460000000000003E-6 828812
8420000 2.5060000000000002E-6 831756
8440000 2.5120000000000003E-6 834733
8460000 2.464E-6 837670
8480000 2.525E-6 840645
8500000 2.567E-6 843647
8520000 2.517E-6 846615
8540000 2.5230000000000002E-6 849608
8560000 2.515E-6 852577
8580000 2.5690000000000003E-6 855580
8600000 2.549E-6 858538
8620000 3.833E-6 861536
8640000 2.571E-6 864559
8660000 2.5360000000000004E-6 867548
8680000 2.503E-6 870556
8700000 2.463E-6 873530
8720000 2.494E-6 876543
8740000 4.802E-6 879577
8760000 2.504E-6 882577
8780000 2.5470000000000003E-6 885605
8800000 2.567E-6 888655
8820000 2.517E-6 891669
8840000 2.583E-6 894716
8860000 2.482E-6 897717
8880000 2.526E-6 900751
8900000 2.543E-6 903802
8920000 2.525E-6 906818
8940000 2.5340000000000002E-6 909865
8960000 2.5800000000000003E-6 912938
8980000 2.589E-6 915972
9000000 2.5680000000000002E-6 919030
9020000 2.616E-6 922108
9040000 2.5400000000000002E-6 925149
9060000 2.606E-6 928219
9080000 2.623E-6 931304
9100000 2.57E-6 934352
9120000 2.6420000000000003E-6 937429
9140000 2.61E-6 940525
9160000 2.577E-6 943573
9180000 2.624E-6 946656
9200000 2.6640000000000002E-6 949758
9220000 2.6200000000000003E-6 952874
9240000 2.578E-6 955957
9260000 2.611E-6 959056
9280000 3.8100000000000004E-6 962182
9300000 2.567E-6 965254
9320000 2.634E-6 968363
9340000 2.612E-6 971484
9360000 2.6130000000000002E-6 974621
9380000 2.617E-6 977723
9400000 2.632E-6 980847
9420000 2.6470000000000002E-6 983984
9440000 2.6260000000000004E-6 987138
9460000 2.604E-6 990254
9480000 2.6420000000000003E-6 993395
9500000 2.6260000000000004E-6 996551
9520000 2.6540000000000003E-6 999714
9540000 2.6200000000000003E-6 1002843
9560000 2.618E-6 1005994
9580000 2.638E-6 1009159
9600000 2.645E-6 1012339
9620000 2.6030000000000003E-6 1015473
9640000 2.656E-6 1018625
9660000 2.672E-6 1021795
9680000 2.697E-6 1024985
9700000 2.655E-6 1028186
9720000 2.649E-6 1031339
9740000 2.655E-6 1034513
9760000 2.6880000000000004E-6 1037705
9780000 2.7600000000000003E-6 1040906
9800000 2.736E-6 1044123
9820000 2.724E-6 1047296
9840000 2.7200000000000002E-6 1050485
9860000 2.7090000000000002E-6 1053683
9880000 2.7090000000000002E-6 1056894
9900000 2.7320000000000003E-6 1060125
9920000 3.198E-6 1063299
9940000 4.406000000000001E-6 1066497
9960000 4.248000000000001E-6 1069714
9980000 4.536E-6 1072944
