200000 0.001255655 100000
220000 3.21022E-4 210000
240000 3.13657E-4 330000
260000 3.48413E-4 460000
280000 3.75459E-4 600000
300000 3.07284E-4 750000
320000 2.9629900000000003E-4 910000
340000 1.0623E-4 1080000
360000 8.481500000000001E-5 1260000
380000 8.9547E-5 1450000
400000 1.06515E-4 1650000
420000 1.04302E-4 1860000
440000 1.03646E-4 2080000
460000 1.0839100000000001E-4 2310000
480000 1.12941E-4 2550000
500000 1.1785300000000001E-4 2800000
520000 1.3482900000000002E-4 3060000
540000 1.2718900000000002E-4 3330000
560000 1.32015E-4 3610000
580000 1.36434E-4 3900000
600000 1.41423E-4 4200000
620000 1.56075E-4 4510000
640000 1.50493E-4 4830000
660000 1.55252E-4 5160000
680000 1.59939E-4 5500000
700000 1.64666E-4 5850000
720000 2.2352100000000002E-4 6210000
740000 1.8868400000000003E-4 6580000
760000 1.78597E-4 6960000
780000 1.9877700000000002E-4 7350000
800000 2.6307500000000004E-4 7750000
820000 1.9288400000000002E-4 8160000
840000 1.97314E-4 8580000
860000 2.18015E-4 9010000
880000 2.0671E-4 9450000
900000 2.11439E-4 9900000
920000 2.1607900000000002E-4 10360000
940000 3.05418E-4 10830000
960000 2.44902E-4 11310000
980000 2.3015900000000002E-4 11800000
1000000 2.5190200000000003E-4 12300000
1020000 2.51869E-4 12810000
1040000 2.4427E-4 13330000
1060000 2.4895500000000003E-4 13860000
1080000 3.4309200000000003E-4 14400000
1100000 3.86421E-4 14950000
1120000 4.2042900000000005E-4 15510000
1140000 3.67412E-4 16080000
1160000 2.7248E-4 16660000
1180000 3.0452500000000004E-4 17250000
1200000 3.1884100000000005E-4 17850000
1220000 2.9282900000000004E-4 18460000
1240000 3.2231800000000004E-4 19080000
1260000 2.96019E-4 19710000
1280000 3.1761500000000004E-4 20350000
1300000 3.05293E-4 21000000
1320000 3.1021200000000003E-4 21660000
1340000 3.14624E-4 22330000
1360000 3.1928100000000004E-4 23010000
1380000 3.23923E-4 23700000
1400000 3.40915E-4 24400000
1420000 3.33467E-4 25110000
1440000 3.38867E-4 25830000
1460000 3.61405E-4 26560000
1480000 3.4735100000000003E-4 27300000
1500000 3.6027600000000003E-4 28050000
1520000 3.5669900000000004E-4 28810000
1540000 3.61441E-4 29580000
1560000 3.66175E-4 30360000
1580000 3.7082900000000004E-4 31150000
1600000 3.98041E-4 31950000
1620000 3.80292E-4 32760000
1640000 3.8525100000000003E-4 33580000
1660000 4.1994600000000003E-4 34410000
1680000 3.94366E-4 35250000
1700000 4.0425700000000004E-4 36100000
1720000 4.03535E-4 36960000
1740000 4.2441200000000004E-4 37830000
1760000 4.1735700000000004E-4 38710000
1780000 5.34017E-4 39600000
1800000 4.49637E-4 40500000
1820000 5.004100000000001E-4 41410000
1840000 4.3734300000000003E-4 42330000
1860000 5.12111E-4 43260000
1880000 5.435910000000001E-4 44200000
1900000 5.14948E-4 45150000
1920000 5.654950000000001E-4 46110000
1940000 5.37592E-4 47080000
1960000 4.98774E-4 48060000
1980000 4.7412E-4 49050000
2000000 4.960310000000001E-4 50050000
2020000 5.37273E-4 51060000
2040000 4.95854E-4 52080000
2060000 4.8350400000000005E-4 53110000
2080000 5.5979E-4 54150000
2100000 5.334700000000001E-4 55200000
2120000 5.51315E-4 56260000
2140000 5.14193E-4 57330000
2160000 5.24107E-4 58410000
2180000 5.88512E-4 59500000
2200000 5.96532E-4 60600000
2220000 5.44867E-4 61710000
2240000 5.6706E-4 62830000
2260000 5.69615E-4 63960000
2280000 5.911310000000001E-4 65100000
2300000 7.12577E-4 66250000
2320000 5.57128E-4 67410000
2340000 5.55452E-4 68580000
2360000 5.887290000000001E-4 69760000
2380000 5.582310000000001E-4 70950000
2400000 5.717130000000001E-4 72150000
2420000 5.88435E-4 73360000
2440000 5.769960000000001E-4 74580000
2460000 5.80311E-4 75810000
2480000 5.817950000000001E-4 77050000
2500000 6.04197E-4 78300000
2520000 6.38282E-4 79560000
2540000 5.958480000000001E-4 80830000
2560000 6.035060000000001E-4 82110000
2580000 6.28366E-4 83400000
2600000 9.71796E-4 84700000
2620000 0.0010479200000000001 86010000
2640000 0.001013047 87330000
2660000 6.26088E-4 88660000
2680000 6.28851E-4 90000000
2700000 6.56407E-4 91350000
2720000 6.725100000000001E-4 92710000
2740000 6.43564E-4 94080000
2760000 6.480710000000001E-4 95460000
2780000 6.68959E-4 96850000
2800000 6.569830000000001E-4 98250000
2820000 6.72734E-4 99660000
2840000 6.66194E-4 101080000
2860000 6.71039E-4 102510000
2880000 6.94815E-4 103950000
2900000 6.807860000000001E-4 105400000
2920000 7.10357E-4 106860000
2940000 7.01725E-4 108330000
2960000 7.015690000000001E-4 109810000
2980000 6.98802E-4 111300000
3000000 7.509750000000001E-4 112800000
3020000 7.085860000000001E-4 114310000
3040000 7.245400000000001E-4 115830000
3060000 7.33724E-4 117360000
3080000 7.4012E-4 118900000
3100000 7.27195E-4 120450000
3120000 7.31642E-4 122010000
3140000 7.50559E-4 123580000
3160000 7.41469E-4 125160000
3180000 7.458510000000001E-4 126750000
3200000 7.50826E-4 128350000
3220000 7.58416E-4 129960000
3240000 7.67814E-4 131580000
3260000 7.65397E-4 133210000
3280000 7.695810000000001E-4 134850000
3300000 7.78059E-4 136500000
3320000 7.88529E-4 138160000
3340000 7.91207E-4 139830000
3360000 7.95352E-4 141510000
3380000 7.92612E-4 143200000
3400000 8.001960000000001E-4 144900000
3420000 8.02087E-4 146610000
3440000 8.12978E-4 148330000
3460000 8.16966E-4 150060000
3480000 8.16014E-4 151800000
3500000 8.209490000000001E-4 153550000
3520000 8.25429E-4 155310000
3540000 8.391300000000001E-4 157080000
3560000 8.447940000000001E-4 158860000
3580000 8.39698E-4 160650000
3600000 8.801560000000001E-4 162450000
3620000 8.490590000000001E-4 164260000
3640000 8.601720000000001E-4 166080000
3660000 8.61931E-4 167910000
3680000 8.633750000000001E-4 169750000
3700000 8.682910000000001E-4 171600000
3720000 8.8033E-4 173460000
3740000 8.76989E-4 175330000
3760000 8.816230000000001E-4 177210000
3780000 9.01304E-4 179100000
3800000 8.960970000000001E-4 181000000
3820000 8.95658E-4 182910000
3840000 9.030150000000001E-4 184830000
3860000 9.051300000000001E-4 186760000
3880000 9.100390000000001E-4 188700000
3900000 9.199540000000001E-4 190650000
3920000 9.245550000000001E-4 192610000
3940000 9.239000000000001E-4 194580000
3960000 9.287280000000001E-4 196560000
3980000 9.416510000000001E-4 198550000
4000000 9.43914E-4 200550000
4020000 9.43453E-4 202560000
4040000 9.476220000000001E-4 204580000
4060000 9.58728E-4 206610000
4080000 9.601000000000001E-4 208650000
4100000 9.62616E-4 210700000
4120000 9.682750000000001E-4 212760000
4140000 9.90491E-4 214830000
4160000 0.0010149 216910000
4180000 0.001040748 219000000
4200000 9.97388E-4 221100000
4220000 0.001004383 223210000
4240000 9.949750000000002E-4 225330000
4260000 0.0010235 227460000
4280000 0.001088205 229600000
4300000 0.001043744 231750000
4320000 0.001013383 233910000
4340000 0.001061253 236080000
4360000 0.001049302 238260000
4380000 0.0010516450000000001 240450000
4400000 0.001039563 242650000
4420000 0.001169742 244860000
4440000 0.001108753 247080000
4460000 0.001070757 249310000
4480000 0.0010687820000000001 251550000
4500000 0.001085769 253800000
4520000 0.001130022 256060000
4540000 0.001095864 258330000
4560000 0.00121348 260610000
4580000 0.0011322460000000002 262900000
4600000 0.001078642 265200000
4620000 0.0011101770000000002 267510000
4640000 0.001127656 269830000
4660000 0.001120459 272160000
4680000 0.001097564 274500000
4700000 0.001297606 276850000
4720000 0.001195019 279210000
4740000 0.001130457 281580000
4760000 0.00116167 283960000
4780000 0.001285911 286350000
4800000 0.001328891 288750000
4820000 0.0012095130000000002 291160000
4840000 0.001166658 293580000
4860000 0.001172248 296010000
4880000 0.001295078 298450000
4900000 0.001211319 300900000
4920000 0.0012742110000000001 303360000
4940000 0.0016117220000000001 305830000
4960000 0.001426016 308310000
4980000 0.001253227 310800000
5000000 0.001879423 313300000
5020000 0.001267534 315810000
5040000 0.0012197500000000001 318330000
5060000 0.0012581320000000001 320860000
5080000 0.001241597 323400000
5100000 0.001254787 325950000
5120000 0.001216642 328510000
5140000 0.001233935 331080000
5160000 0.001241937 333660000
5180000 0.001347448 336250000
5200000 0.001371129 338850000
5220000 0.0013628310000000001 341460000
5240000 0.001356736 344080000
5260000 0.001686732 346710000
5280000 0.001343 349350000
5300000 0.0016083380000000002 352000000
5320000 0.001362104 354660000
5340000 0.001308741 357330000
5360000 0.0012797400000000001 360010000
5380000 0.0015062620000000002 362700000
5400000 0.001510655 365400000
5420000 0.0013807090000000001 368110000
5440000 0.001315423 370830000
5460000 0.0013941630000000001 373560000
5480000 0.0016940260000000002 376300000
5500000 0.0013989800000000002 379050000
5520000 0.001348294 381810000
5540000 0.001304362 384580000
5560000 0.001327609 387360000
5580000 0.00134238 390150000
5600000 0.0013236600000000002 392950000
5620000 0.00134229 395760000
5640000 0.0013398420000000002 398580000
5660000 0.0013598660000000002 401410000
5680000 0.00183011 404250000
5700000 0.0014901600000000001 407100000
5720000 0.0015497030000000001 409960000
5740000 0.001368213 412830000
5760000 0.001421119 415710000
5780000 0.001838884 418600000
5800000 0.0016549730000000001 421500000
5820000 0.001576097 424410000
5840000 0.001406197 427330000
5860000 0.001379405 430260000
5880000 0.001408221 433200000
5900000 0.00154196 436150000
5920000 0.00149784 439110000
5940000 0.001446227 442080000
5960000 0.00141639 445060000
5980000 0.0014591760000000002 448050000
6000000 0.0014190320000000002 451050000
6020000 0.0014381670000000002 454060000
6040000 0.001434479 457080000
6060000 0.001623782 460110000
6080000 0.0014549160000000001 463150000
6100000 0.0015516800000000002 466200000
6120000 0.001464198 469260000
6140000 0.0014662940000000001 472330000
6160000 0.0014660860000000001 475410000
6180000 0.001517799 478500000
6200000 0.001464337 481600000
6220000 0.0014957140000000002 484710000
6240000 0.001467832 487830000
6260000 0.0015455920000000001 490960000
6280000 0.001475161 494100000
6300000 0.0015019590000000002 497250000
6320000 0.001493685 500410000
6340000 0.001486797 503580000
6360000 0.0014934450000000001 506760000
6380000 0.00156371 509950000
6400000 0.001575505 513150000
6420000 0.001520971 516360000
6440000 0.00150967 519580000
6460000 0.0015172360000000001 522810000
6480000 0.001524926 526050000
6500000 0.001545071 529300000
6520000 0.0015477910000000002 532560000
6540000 0.0015430420000000001 535830000
6560000 0.001537724 539110000
6580000 0.0015511580000000002 542400000
6600000 0.001570638 545700000
6620000 0.0015620150000000001 549010000
6640000 0.001567983 552330000
6660000 0.0015770640000000002 555660000
6680000 0.0016266660000000001 559000000
6700000 0.001633375 562350000
6720000 0.001711812 565710000
6740000 0.0016616390000000001 569080000
6760000 0.0016889820000000001 572460000
6780000 0.001775532 575850000
6800000 0.00178239 579250000
6820000 0.001748065 582660000
6840000 0.001674425 586080000
6860000 0.001644716 589510000
6880000 0.001622792 592950000
6900000 0.001643055 596400000
6920000 0.001638212 599860000
6940000 0.001629858 603330000
6960000 0.0016543060000000001 606810000
6980000 0.0017409 610300000
7000000 0.0016641190000000001 613800000
7020000 0.001799695 617310000
7040000 0.001659787 620830000
7060000 0.001669993 624360000
7080000 0.0016937010000000001 627900000
7100000 0.001711573 631450000
7120000 0.001692811 635010000
7140000 0.0017021260000000002 638580000
7160000 0.0017367270000000002 642160000
7180000 0.001718859 645750000
7200000 0.0020334010000000002 649350000
7220000 0.002393613 652960000
7240000 0.0024390230000000002 656580000
7260000 0.002829592 660210000
7280000 0.00269505 663850000
7300000 0.002872363 667500000
7320000 0.0025363860000000003 671160000
7340000 0.0026611710000000004 674830000
7360000 0.0017529070000000002 678510000
7380000 0.001792792 682200000
7400000 0.001750837 685900000
7420000 0.0017528300000000001 689610000
7440000 0.0017621910000000002 693330000
7460000 0.0017571120000000001 697060000
7480000 0.0017879780000000002 700800000
7500000 0.001766065 704550000
7520000 0.0017844760000000001 708310000
7540000 0.001790773 712080000
7560000 0.001780913 715860000
7580000 0.001788155 719650000
7600000 0.0018068510000000002 723450000
7620000 0.0017988490000000002 727260000
7640000 0.0017981700000000002 731080000
7660000 0.0018080750000000001 734910000
7680000 0.0018190200000000002 738750000
7700000 0.001827447 742600000
7720000 0.0018274920000000002 746460000
7740000 0.001833708 750330000
7760000 0.001821715 754210000
7780000 0.0018413320000000002 758100000
7800000 0.001884812 762000000
7820000 0.0018473440000000001 765910000
7840000 0.0018526530000000001 769830000
7860000 0.0018531090000000001 773760000
7880000 0.001860171 777700000
7900000 0.0018633150000000002 781650000
7920000 0.0018892420000000002 785610000
7940000 0.0018643580000000002 789580000
7960000 0.0019373510000000001 793560000
7980000 0.002111313 797550000
8000000 0.0018890810000000001 801550000
8020000 0.0018976050000000001 805560000
8040000 0.001896483 809580000
8060000 0.001903579 813610000
8080000 0.0019142400000000002 817650000
8100000 0.0022399720000000002 821700000
8120000 0.002173191 825760000
8140000 0.0019374440000000002 829830000
8160000 0.001954837 833910000
8180000 0.001955309 838000000
8200000 0.0019677690000000003 842100000
8220000 0.00201232 846210000
8240000 0.001978606 850330000
8260000 0.0021558190000000002 854460000
8280000 0.002216328 858600000
8300000 0.0026955950000000003 862750000
8320000 0.0023473260000000003 866910000
8340000 0.00197894 871080000
8360000 0.001972632 875260000
8380000 0.0019743860000000003 879450000
8400000 0.002002597 883650000
8420000 0.001981102 887860000
8440000 0.002000928 892080000
8460000 0.002003051 896310000
8480000 0.0019878860000000003 900550000
8500000 0.0020099420000000002 904800000
8520000 0.001997599 909060000
8540000 0.002016866 913330000
8560000 0.00204679 917610000
8580000 0.002021164 921900000
8600000 0.002023102 926200000
8620000 0.002028124 930510000
8640000 0.002040505 934830000
8660000 0.0020458100000000003 939160000
8680000 0.002043838 943500000
8700000 0.002064362 947850000
8720000 0.002047536 952210000
8740000 0.0020744870000000003 956580000
8760000 0.0020629100000000003 960960000
8780000 0.002071933 965350000
8800000 0.002131464 969750000
8820000 0.0021159810000000003 974160000
8840000 0.0021085820000000003 978580000
8860000 0.0020999540000000002 983010000
8880000 0.0021111840000000003 987450000
8900000 0.002110175 991900000
8920000 0.002100779 996360000
8940000 0.0021173430000000003 1000830000
8960000 0.002106579 1005310000
8980000 0.00213004 1009800000
9000000 0.002117498 1014300000
9020000 0.002126362 1018810000
9040000 0.002135291 1023330000
9060000 0.0021303100000000003 1027860000
9080000 0.002205484 1032400000
9100000 0.0024415680000000003 1036950000
9120000 0.002484341 1041510000
9140000 0.0026260000000000003 1046080000
9160000 0.0024281380000000003 1050660000
9180000 0.002567045 1055250000
9200000 0.00338397 1059850000
9220000 0.00234925 1064460000
9240000 0.002353663 1069080000
9260000 0.002316336 1073710000
9280000 0.002260647 1078350000
9300000 0.0022370090000000003 1083000000
9320000 0.002233962 1087660000
9340000 0.0022387130000000002 1092330000
9360000 0.002207506 1097010000
9380000 0.0022261760000000003 1101700000
9400000 0.002455774 1106400000
9420000 0.002421122 1111110000
9440000 0.002410218 1115830000
9460000 0.0024373980000000003 1120560000
9480000 0.0025251040000000002 1125300000
9500000 0.002496559 1130050000
9520000 0.002382468 1134810000
9540000 0.002396173 1139580000
9560000 0.002424448 1144360000
9580000 0.002350053 1149150000
9600000 0.002472002 1153950000
9620000 0.0023934060000000003 1158760000
9640000 0.002390538 1163580000
9660000 0.002589787 1168410000
9680000 0.002635221 1173250000
9700000 0.002326107 1178100000
9720000 0.002352264 1182960000
9740000 0.002393225 1187830000
9760000 0.002410952 1192710000
9780000 0.002568804 1197600000
9800000 0.002469741 1202500000
9820000 0.002457973 1207410000
9840000 0.0025087770000000002 1212330000
9860000 0.002483606 1217260000
9880000 0.0024123350000000003 1222200000
9900000 0.0023660870000000002 1227150000
9920000 0.002435551 1232110000
9940000 0.00235594 1237080000
9960000 0.0023726940000000003 1242060000
9980000 0.002396584 1247050000
